10 0 0.125529 0.124924 0.124924 0.124924 0.124924 0.124924 0.124924 0.124924 
10.001 1 0.124924 0.125529 0.124924 0.124924 0.124924 0.124924 0.124924 0.124924 
10.002 2 0.124924 0.124924 0.125529 0.124924 0.124924 0.124924 0.124924 0.124924 
10.003 3 0.124924 0.124924 0.125529 0.124924 0.124924 0.124924 0.124924 0.124924 
10.004 4 0.124924 0.124924 0.125529 0.124924 0.124924 0.124924 0.124924 0.124924 
10.005 5 0.124924 0.124924 0.125529 0.124924 0.124924 0.124924 0.124924 0.124924 
10.006 6 0.124924 0.124924 0.124924 0.124924 0.124924 0.124924 0.125529 0.124924 
10.007 7 0.124924 0.124924 0.124924 0.124924 0.125529 0.124924 0.124924 0.124924 
10.008 8 0.124924 0.124924 0.124924 0.124924 0.124924 0.125529 0.124924 0.124924 
10.009 9 0.124924 0.124924 0.124924 0.124924 0.125529 0.124924 0.124924 0.124924 
10.01 10 0.124924 0.124924 0.124924 0.125529 0.124924 0.124924 0.124924 0.124924 
10.011 11 0.124924 0.124924 0.125529 0.124924 0.124924 0.124924 0.124924 0.124924 
10.012 12 0.124924 0.124924 0.124924 0.125529 0.124924 0.124924 0.124924 0.124924 
10.013 13 0.124924 0.124924 0.124924 0.125529 0.124924 0.124924 0.124924 0.124924 
10.014 14 0.124924 0.124924 0.124924 0.124924 0.125529 0.124924 0.124924 0.124924 
10.015 15 0.125529 0.124924 0.124924 0.124924 0.124924 0.124924 0.124924 0.124924 
10.016 16 0.124924 0.124924 0.124924 0.124924 0.124924 0.124924 0.124924 0.125529 
10.017 17 0.124924 0.124924 0.124924 0.124924 0.124924 0.124924 0.125529 0.124924 
10.018 18 0.124924 0.124924 0.124924 0.124924 0.124924 0.124924 0.125529 0.124924 
10.019 19 0.124924 0.124924 0.125529 0.124924 0.124924 0.124924 0.124924 0.124924 
10.02 20 0.124924 0.125529 0.124924 0.124924 0.124924 0.124924 0.124924 0.124924 
10.021 21 0.124924 0.124924 0.124924 0.124924 0.125529 0.124924 0.124924 0.124924 
10.022 22 0.124924 0.124924 0.124924 0.124924 0.125529 0.124924 0.124924 0.124924 
10.023 23 0.124924 0.124924 0.124924 0.124924 0.124924 0.125529 0.124924 0.124924 
10.024 24 0.124924 0.125529 0.124924 0.124924 0.124924 0.124924 0.124924 0.124924 
20 0 0.12606 0.124849 0.124849 0.124849 0.124849 0.124849 0.124849 0.124849 
20.001 1 0.124849 0.12606 0.124849 0.124849 0.124849 0.124849 0.124849 0.124849 
20.002 2 0.124849 0.125453 0.125453 0.124849 0.124849 0.124849 0.124849 0.124849 
20.003 3 0.124849 0.124849 0.125453 0.124849 0.124849 0.124849 0.125453 0.124849 
20.004 4 0.124849 0.125453 0.125453 0.124849 0.124849 0.124849 0.124849 0.124849 
20.005 5 0.124849 0.125453 0.125453 0.124849 0.124849 0.124849 0.124849 0.124849 
20.006 6 0.124849 0.124849 0.124849 0.125453 0.124849 0.124849 0.125453 0.124849 
20.007 7 0.124849 0.124849 0.124849 0.125453 0.125453 0.124849 0.124849 0.124849 
20.008 8 0.124849 0.124849 0.124849 0.124849 0.125453 0.125453 0.124849 0.124849 
20.009 9 0.124849 0.124849 0.124849 0.124849 0.12606 0.124849 0.124849 0.124849 
20.01 10 0.124849 0.124849 0.124849 0.125453 0.125453 0.124849 0.124849 0.124849 
20.011 11 0.124849 0.124849 0.12606 0.124849 0.124849 0.124849 0.124849 0.124849 
20.012 12 0.124849 0.125453 0.124849 0.125453 0.124849 0.124849 0.124849 0.124849 
20.013 13 0.124849 0.124849 0.125453 0.125453 0.124849 0.124849 0.124849 0.124849 
20.014 14 0.124849 0.124849 0.124849 0.124849 0.125453 0.124849 0.125453 0.124849 
20.015 15 0.12606 0.124849 0.124849 0.124849 0.124849 0.124849 0.124849 0.124849 
20.016 16 0.124849 0.124849 0.124849 0.124849 0.124849 0.124849 0.124849 0.12606 
20.017 17 0.124849 0.124849 0.124849 0.124849 0.125453 0.124849 0.125453 0.124849 
20.018 18 0.125453 0.124849 0.124849 0.124849 0.124849 0.124849 0.125453 0.124849 
20.019 19 0.124849 0.124849 0.125453 0.125453 0.124849 0.124849 0.124849 0.124849 
20.02 20 0.124849 0.125453 0.124849 0.124849 0.124849 0.124849 0.124849 0.125453 
20.021 21 0.124849 0.124849 0.124849 0.125453 0.125453 0.124849 0.124849 0.124849 
20.022 22 0.124849 0.125453 0.124849 0.124849 0.125453 0.124849 0.124849 0.124849 
20.023 23 0.124849 0.124849 0.124849 0.124849 0.124849 0.125453 0.125453 0.124849 
20.024 24 0.125453 0.125453 0.124849 0.124849 0.124849 0.124849 0.124849 0.124849 
30 0 0.125984 0.124773 0.124773 0.124773 0.124773 0.125377 0.124773 0.124773 
30.001 1 0.124773 0.125984 0.125377 0.124773 0.124773 0.124773 0.124773 0.124773 
30.002 2 0.124774 0.125377 0.125377 0.125377 0.124774 0.124774 0.124774 0.124774 
30.003 3 0.124774 0.124774 0.125377 0.124774 0.124774 0.125377 0.125377 0.124774 
30.004 4 0.124774 0.125377 0.125377 0.124774 0.125377 0.124774 0.124774 0.124774 
30.005 5 0.125377 0.125377 0.125377 0.124774 0.124774 0.124774 0.124774 0.124774 
30.006 6 0.124774 0.124774 0.124774 0.125377 0.125377 0.124774 0.125377 0.124774 
30.007 7 0.124774 0.124774 0.125377 0.125377 0.125377 0.124774 0.124774 0.124774 
30.008 8 0.124774 0.124774 0.125377 0.124774 0.125377 0.125377 0.124774 0.124774 
30.009 9 0.124773 0.125377 0.124773 0.124773 0.125984 0.124773 0.124773 0.124773 
30.01 10 0.124774 0.125377 0.124774 0.125377 0.125377 0.124774 0.124774 0.124774 
30.011 11 0.124773 0.124773 0.125984 0.124773 0.124773 0.124773 0.125377 0.124773 
30.012 12 0.124774 0.125377 0.124774 0.125377 0.124774 0.125377 0.124774 0.124774 
30.013 13 0.124774 0.124774 0.125377 0.125377 0.124774 0.124774 0.125377 0.124774 
30.014 14 0.124774 0.124774 0.125377 0.124774 0.125377 0.124774 0.125377 0.124774 
30.015 15 0.125984 0.124773 0.125377 0.124773 0.124773 0.124773 0.124773 0.124773 
30.016 16 0.125377 0.124773 0.124773 0.124773 0.124773 0.124773 0.124773 0.125984 
30.017 17 0.124774 0.125377 0.124774 0.124774 0.125377 0.124774 0.125377 0.124774 
30.018 18 0.125377 0.124774 0.124774 0.124774 0.124774 0.124774 0.125377 0.125377 
30.019 19 0.124774 0.124774 0.125377 0.125377 0.124774 0.125377 0.124774 0.124774 
30.02 20 0.124774 0.125377 0.124774 0.124774 0.125377 0.124774 0.124774 0.125377 
30.021 21 0.124773 0.124773 0.124773 0.125377 0.125984 0.124773 0.124773 0.124773 
30.022 22 0.124774 0.125377 0.124774 0.125377 0.125377 0.124774 0.124774 0.124774 
30.023 23 0.124773 0.124773 0.124773 0.124773 0.124773 0.125377 0.125984 0.124773 
30.024 24 0.125377 0.125377 0.124774 0.124774 0.124774 0.124774 0.125377 0.124774 
40 0 0.125908 0.124698 0.125301 0.124698 0.124698 0.125301 0.124698 0.124698 
40.001 1 0.124698 0.125908 0.125301 0.124698 0.125301 0.124698 0.124698 0.124698 
40.002 2 0.124698 0.125302 0.125302 0.125302 0.124698 0.124698 0.124698 0.125302 
40.003 3 0.124698 0.124698 0.125908 0.124698 0.124698 0.125301 0.125301 0.124698 
40.004 4 0.124698 0.125302 0.125302 0.124698 0.125302 0.125302 0.124698 0.124698 
40.005 5 0.125302 0.125302 0.125302 0.125302 0.124698 0.124698 0.124698 0.124698 
40.006 6 0.124698 0.124698 0.124698 0.125908 0.125301 0.124698 0.125301 0.124698 
40.007 7 0.124698 0.124698 0.125301 0.125301 0.125908 0.124698 0.124698 0.124698 
40.008 8 0.124698 0.124698 0.125908 0.124698 0.125301 0.125301 0.124698 0.124698 
40.009 9 0.124697 0.125301 0.124697 0.124697 0.126517 0.124697 0.124697 0.124697 
40.01 10 0.124698 0.125301 0.124698 0.125908 0.125301 0.124698 0.124698 0.124698 
40.011 11 0.124698 0.124698 0.125908 0.125301 0.124698 0.124698 0.125301 0.124698 
40.012 12 0.124698 0.125302 0.124698 0.125302 0.124698 0.125302 0.124698 0.125302 
40.013 13 0.124698 0.124698 0.125301 0.125908 0.124698 0.124698 0.125301 0.124698 
40.014 14 0.124698 0.124698 0.125301 0.124698 0.125301 0.124698 0.125908 0.124698 
40.015 15 0.125908 0.124698 0.125301 0.124698 0.124698 0.124698 0.125301 0.124698 
40.016 16 0.125301 0.124698 0.124698 0.124698 0.124698 0.125301 0.124698 0.125908 
40.017 17 0.124698 0.125908 0.124698 0.124698 0.125301 0.124698 0.125301 0.124698 
40.018 18 0.125302 0.125302 0.124698 0.124698 0.124698 0.124698 0.125302 0.125302 
40.019 19 0.124698 0.124698 0.125908 0.125301 0.124698 0.125301 0.124698 0.124698 
40.02 20 0.124698 0.125302 0.124698 0.124698 0.125302 0.124698 0.125302 0.125302 
40.021 21 0.124698 0.124698 0.124698 0.125907 0.125907 0.124698 0.124698 0.124698 
40.022 22 0.124698 0.125302 0.125302 0.125302 0.125302 0.124698 0.124698 0.124698 
40.023 23 0.124698 0.124698 0.124698 0.125301 0.124698 0.125301 0.125908 0.124698 
40.024 24 0.125302 0.125302 0.124698 0.124698 0.124698 0.124698 0.125302 0.125302 
50 0 0.12644 0.124622 0.125225 0.124622 0.124622 0.125225 0.124622 0.124622 
50.001 1 0.124623 0.125832 0.125226 0.124623 0.125226 0.124623 0.124623 0.125226 
50.002 2 0.124623 0.125226 0.125226 0.125226 0.124623 0.125226 0.124623 0.125226 
50.003 3 0.124623 0.124623 0.125832 0.124623 0.124623 0.125226 0.125226 0.125226 
50.004 4 0.125226 0.125226 0.125226 0.124623 0.125226 0.125226 0.124623 0.124623 
50.005 5 0.125832 0.125226 0.125226 0.125226 0.124623 0.124623 0.124623 0.124623 
50.006 6 0.124622 0.124622 0.124622 0.125832 0.125832 0.124622 0.125225 0.124622 
50.007 7 0.124623 0.124623 0.125226 0.125226 0.125832 0.124623 0.125226 0.124623 
50.008 8 0.124622 0.124622 0.125832 0.124622 0.125832 0.125225 0.124622 0.124622 
50.009 9 0.124622 0.125225 0.124622 0.124622 0.12644 0.124622 0.124622 0.125225 
50.01 10 0.124623 0.125226 0.125226 0.125832 0.125226 0.124623 0.124623 0.124623 
50.011 11 0.124623 0.125226 0.125832 0.125226 0.124623 0.124623 0.125226 0.124623 
50.012 12 0.137115 0.0382035 0.137115 0.137779 0.137115 0.137779 0.137115 0.137779 
50.013 13 0.124623 0.124623 0.125226 0.125832 0.124623 0.125226 0.125226 0.124623 
50.014 14 0.133071 0.133071 0.0665689 0.133071 0.133715 0.133071 0.134362 0.133071 
50.015 15 0.125832 0.124623 0.125226 0.124623 0.124623 0.124623 0.125226 0.125226 
50.016 16 0.125225 0.124622 0.124622 0.124622 0.124622 0.125832 0.124622 0.125832 
50.017 17 0.124622 0.125832 0.124622 0.124622 0.125832 0.124622 0.125225 0.124622 
50.018 18 0.137779 0.0382035 0.137115 0.137115 0.137115 0.137115 0.137779 0.137779 
50.019 19 0.135747 0.135747 0.137064 0.0477986 0.135747 0.136404 0.135747 0.135747 
50.02 20 0.124623 0.125226 0.124623 0.124623 0.125226 0.125226 0.125226 0.125226 
50.021 21 0.124622 0.124622 0.124622 0.125832 0.125832 0.125225 0.124622 0.124622 
50.022 22 0.124623 0.125226 0.125226 0.125226 0.125226 0.125226 0.124623 0.124623 
50.023 23 0.124623 0.124623 0.124623 0.125226 0.124623 0.125226 0.125832 0.125226 
50.024 24 0.125226 0.125226 0.124623 0.124623 0.124623 0.125226 0.125226 0.125226 
60 0 0.0664005 0.148498 0.0411757 0.148498 0.148498 0.149216 0.148498 0.149216 
60.001 1 0.0653666 0.149758 0.041126 0.148319 0.149036 0.148319 0.148319 0.149758 
60.002 2 0.148379 0.0657098 0.0411428 0.149097 0.149097 0.149097 0.148379 0.149097 
60.003 3 0.0573128 0.0727808 0.0457906 0.164346 0.164346 0.165141 0.165141 0.165141 
60.004 4 0.05762 0.0728185 0.0458144 0.164431 0.165227 0.165227 0.164431 0.164431 
60.005 5 0.0660886 0.149234 0.04138 0.149234 0.148516 0.148516 0.148516 0.148516 
60.006 6 0.0731883 0.0458253 0.0458253 0.167678 0.167678 0.16687 0.16687 0.166066 
60.007 7 0.148319 0.0653669 0.0411261 0.149037 0.149758 0.148319 0.149037 0.149037 
60.008 8 0.0573199 0.0724393 0.046018 0.164366 0.165961 0.165162 0.164366 0.164366 
60.009 9 0.0572462 0.0726963 0.0452979 0.164155 0.16655 0.164155 0.16495 0.16495 
60.01 10 0.0653669 0.149037 0.0411261 0.149758 0.149037 0.148319 0.149037 0.148319 
60.011 11 0.171148 0.0474562 0.0476859 0.0474562 0.171148 0.171148 0.172809 0.171148 
60.012 12 0.066145 0.014583 0.106153 0.0525927 0.189673 0.190591 0.189673 0.190591 
60.013 13 0.0671271 0.0531165 0.0533736 0.053632 0.192489 0.193421 0.193421 0.193421 
60.014 14 0.0595624 0.170797 0.0235772 0.0595624 0.172454 0.170797 0.172454 0.170797 
60.015 15 0.138287 0.136958 0.0379759 0.136958 0.136958 0.137621 0.137621 0.137621 
60.016 16 0.171563 0.0471141 0.0471141 0.0471141 0.170737 0.173228 0.170737 0.172393 
60.017 17 0.0671268 0.0536317 0.0531163 0.0533734 0.194356 0.192488 0.19342 0.192488 
60.018 18 0.066795 0.0145848 0.105654 0.0523458 0.189696 0.189696 0.190614 0.190614 
60.019 19 0.0655832 0.0518948 0.106272 0.0230929 0.188062 0.188972 0.188062 0.188062 
60.02 20 0.136892 0.137555 0.0377749 0.136892 0.137555 0.137555 0.138221 0.137555 
60.021 21 0.152197 0.152197 0.0422013 0.0424056 0.153673 0.152933 0.152197 0.152197 
60.022 22 0.0671725 0.0534097 0.0536682 0.0534097 0.193551 0.193551 0.192619 0.192619 
60.023 23 0.152033 0.152033 0.041953 0.0421561 0.152033 0.152769 0.154252 0.152769 
60.024 24 0.05841 0.167492 0.0459962 0.0581286 0.166686 0.168303 0.167492 0.167492 
70 0 0.0396472 0.0705002 0.0276386 0.0555168 0.201187 0.202161 0.201187 0.202161 
70.001 1 0.0390099 0.0707195 0.0275911 0.0554213 0.201813 0.200841 0.201813 0.20279 
70.002 2 0.177108 0.0345666 0.0273519 0.0491088 0.178827 0.177965 0.177108 0.177965 
70.003 3 0.0226368 0.0227464 0.0203318 0.186136 0.187037 0.187037 0.187037 0.187037 
70.004 4 0.0224769 0.0358983 0.0201882 0.183931 0.184821 0.184821 0.183931 0.183931 
70.005 5 0.0395142 0.0706037 0.0278132 0.0561378 0.201483 0.201483 0.201483 0.201483 
70.006 6 0.0409469 0.0202869 0.0324006 0.0590221 0.21286 0.211835 0.211835 0.210814 
70.007 7 0.17946 0.0348569 0.0137313 0.0497609 0.181201 0.17946 0.180328 0.181201 
70.008 8 0.0223349 0.0356714 0.0201577 0.183654 0.186333 0.184542 0.183654 0.183654 
70.009 9 0.0222978 0.0357845 0.0198348 0.183348 0.186023 0.183348 0.185127 0.184236 
70.01 10 0.0278016 0.181767 0.0138408 0.0504005 0.181767 0.180891 0.181767 0.181767 
70.011 11 0.0746505 0.0163789 0.033219 0.0163789 0.214062 0.214062 0.217186 0.214062 
70.012 12 0.0267543 0.00466739 0.0685747 0.0168327 0.219993 0.222128 0.219993 0.221058 
70.013 13 0.0270592 0.0169425 0.0343622 0.0273218 0.2225 0.224659 0.223577 0.223577 
70.014 14 0.0227554 0.187111 0.0143861 0.0227554 0.189842 0.187111 0.188927 0.187111 
70.015 15 0.0595907 0.0745853 0.0163646 0.169236 0.169236 0.170055 0.170055 0.170878 
70.016 16 0.0746663 0.0257883 0.0204058 0.0257883 0.21205 0.215144 0.21205 0.214108 
70.017 17 0.0270612 0.0273238 0.0341992 0.0170258 0.225763 0.222517 0.223594 0.222517 
70.018 18 0.0267504 0.00462186 0.0675787 0.0264933 0.217847 0.217847 0.218901 0.219961 
70.019 19 0.0266929 0.0167131 0.0690811 0.00743726 0.219488 0.22055 0.22055 0.219488 
70.02 20 0.0589384 0.0748451 0.0162638 0.169007 0.169825 0.170647 0.170647 0.169825 
70.021 21 0.069391 0.0881187 0.0192408 0.0244337 0.200911 0.199944 0.19898 0.19898 
70.022 22 0.0274398 0.0275726 0.0219233 0.017264 0.227819 0.226722 0.22563 0.22563 
70.023 23 0.161358 0.161358 0.0155277 0.012406 0.161358 0.162139 0.163713 0.162139 
70.024 24 0.0226252 0.18604 0.0284553 0.0178167 0.18604 0.186941 0.18604 0.18604 
80 0 0.019612 0.0310216 0.0153695 0.0274621 0.225813 0.228004 0.225813 0.226906 
80.001 1 0.0193567 0.027767 0.0153908 0.0275001 0.22832 0.226126 0.22722 0.22832 
80.002 2 0.188024 0.016173 0.016173 0.022977 0.189848 0.188934 0.188024 0.189848 
80.003 3 0.00946834 0.00752839 0.00672922 0.0778554 0.224333 0.225419 0.224333 0.224333 
80.004 4 0.00943039 0.0190342 0.00670226 0.0775434 0.222358 0.222358 0.221287 0.221287 
80.005 5 0.0196229 0.027744 0.0155273 0.0278783 0.228131 0.227032 0.227032 0.227032 
80.006 6 0.0196677 0.00771046 0.0196677 0.0283496 0.231988 0.231988 0.23087 0.229758 
80.007 7 0.191648 0.0164054 0.00511379 0.0146639 0.193508 0.192576 0.192576 0.193508 
80.008 8 0.00940925 0.0118911 0.00849203 0.0773696 0.226186 0.222933 0.221859 0.221859 
80.009 9 0.00939635 0.0119323 0.00835843 0.0776374 0.224788 0.221555 0.223705 0.222628 
80.01 10 0.0145199 0.191607 0.00402609 0.0234149 0.191607 0.190684 0.191607 0.192534 
80.011 11 0.0398704 0.00487228 0.0199453 0.00778161 0.231879 0.230762 0.234129 0.230762 
80.012 12 0.0142511 0.00138471 0.0257108 0.0079758 0.23652 0.239971 0.23652 0.237665 
80.013 13 0.0101468 0.00502715 0.0129476 0.0102452 0.239249 0.24157 0.240407 0.240407 
80.014 14 0.00936251 0.0869638 0.00591901 0.00936251 0.223978 0.220757 0.222899 0.220757 
80.015 15 0.0325837 0.0227145 0.00629831 0.186775 0.186775 0.188587 0.187679 0.188587 
80.016 16 0.0403427 0.00776055 0.00776055 0.0123945 0.23237 0.234625 0.231251 0.233495 
80.017 17 0.0142814 0.0128272 0.0127039 0.00632453 0.241646 0.237023 0.238171 0.237023 
80.018 18 0.0101507 0.00138776 0.0256433 0.0100531 0.237041 0.237041 0.239341 0.239341 
80.019 19 0.0101049 0.00500642 0.0261515 0.00222783 0.238262 0.239416 0.239416 0.239416 
80.02 20 0.0322195 0.0227884 0.00625807 0.18648 0.187382 0.189201 0.188289 0.187382 
80.021 21 0.0279506 0.0280859 0.00775019 0.0124379 0.23206 0.230942 0.22983 0.230942 
80.022 22 0.0102045 0.00811375 0.00815302 0.00642027 0.242946 0.241776 0.241776 0.240611 
80.023 23 0.164216 0.164216 0.00551091 0.004403 0.164216 0.16501 0.167418 0.16501 
80.024 24 0.00820219 0.193398 0.0164755 0.00645899 0.193398 0.194334 0.194334 0.193398 
90 0 0.00572728 0.0128704 0.00805855 0.0128085 0.238974 0.241293 0.238974 0.241293 
90.001 1 0.00564721 0.0102376 0.00806183 0.0128137 0.241391 0.240229 0.240229 0.241391 
90.002 2 0.0620835 0.00852888 0.0107786 0.012117 0.227167 0.226073 0.224984 0.228267 
90.003 3 0.00352294 0.00221649 0.0019812 0.0325652 0.239349 0.240508 0.240508 0.239349 
90.004 4 0.00352754 0.00899799 0.00198379 0.0326078 0.238508 0.238508 0.237359 0.238508 
90.005 5 0.00572034 0.0114903 0.0081269 0.0129796 0.241001 0.241001 0.23984 0.23984 
90.006 6 0.00570133 0.00316016 0.0114521 0.013062 0.242531 0.242531 0.241363 0.2402 
90.007 7 0.0630295 0.00861714 0.00212544 0.00482269 0.230629 0.230629 0.229518 0.230629 
90.008 8 0.00350887 0.00498505 0.00316682 0.0324352 0.241872 0.238394 0.237245 0.238394 
90.009 9 0.00350437 0.00500276 0.00311728 0.0325504 0.240398 0.236941 0.240398 0.238088 
90.01 10 0.00467335 0.0880393 0.00129583 0.0120364 0.223487 0.222411 0.223487 0.224569 
90.011 11 0.0115073 0.00199782 0.0116189 0.00358697 0.242526 0.241358 0.244879 0.242526 
90.012 12 0.00405992 0.000394482 0.00925664 0.00362894 0.244182 0.247745 0.244182 0.246551 
90.013 13 0.00362455 0.00142096 0.00462505 0.00411417 0.245067 0.248642 0.246253 0.246253 
90.014 14 0.00350264 0.0365743 0.00221438 0.00350264 0.240279 0.236824 0.240279 0.236824 
90.015 15 0.0167019 0.00921299 0.00227241 0.193237 0.193237 0.195112 0.194172 0.196056 
90.016 16 0.0207323 0.00315579 0.0028072 0.00566603 0.241029 0.244546 0.239868 0.242196 
90.017 17 0.00726172 0.00580183 0.00454677 0.00226357 0.248001 0.244434 0.244434 0.243257 
90.018 18 0.00364763 0.000560615 0.00921491 0.00361258 0.244258 0.244258 0.247821 0.246628 
90.019 19 0.00362211 0.00201739 0.00937402 0.000631892 0.244902 0.246087 0.247278 0.246087 
90.02 20 0.0165578 0.00652269 0.00226372 0.193429 0.195306 0.196251 0.195306 0.194365 
90.021 21 0.0102541 0.00815316 0.00284327 0.00576661 0.244126 0.244126 0.24178 0.24295 
90.022 22 0.00363442 0.00228662 0.00290376 0.00228662 0.248118 0.246923 0.246923 0.246923 
90.023 23 0.16515 0.16515 0.00193277 0.00154421 0.16515 0.165949 0.168371 0.166753 
90.024 24 0.00290662 0.196525 0.00932465 0.00228888 0.197476 0.197476 0.197476 0.196525 
